5.31915e-06
9.75177e-06
1.59574e-05
2.7039e-05
3.63475e-05
4.92021e-05
6.38298e-05
7.9344e-05
0.00010328
0.000137855
0.000180851
0.000225621
0.000278369
0.000335993
0.000400266
0.00047961
0.000574468
0.000677748
0.000789007
0.000895833
0.00099867
0.00112367
0.00126108
0.00140691
0.00156959
0.00176463
0.00197961
0.00219814
0.00241711
0.002668
0.00290736
0.00317908
0.00348138
0.00379255
0.00411968
0.00446188
0.0048156
0.00518129
0.00558555
0.00601995
0.00647695
0.00694415
0.00746011
0.00801418
0.00857092
0.00914362
0.00974778
0.0103865
0.0110341
0.0117128
0.0124176
0.0131272
0.0138958
0.0146782
0.0155062
0.0163777
0.0172593
0.0181303
0.0190727
0.0200581
0.0210971
0.0221472
0.0232301
0.0243285
0.0254313
0.0265922
0.027762
0.0289792
0.0302593
0.03157
0.0329269
0.0342961
0.035715
0.0371751
0.038664
0.0401383
0.0417088
0.0433276
0.0449153
0.0465678
0.0482398
0.0499521
0.0516525
0.0534574
0.0552478
0.0571201
0.058996
0.0609685
0.0629916
0.0650093
0.0671104
0.0692008
0.0712983
0.0734428
0.0756565
0.0778958
0.0801463
0.0824805
0.0848435
0.087211
0.0896853
0.0922686
0.0947451
0.0973076
0.0999424
0.102578
0.105244
0.107921
0.11068
0.113488
0.116338
0.119196
0.122072
0.125037
0.128009
0.131086
0.13419
0.13736
0.140559
0.143764
0.147007
0.15031
0.153628
0.156957
0.160316
0.163779
0.167286
0.170767
0.174344
0.177973
0.181477
0.185031
0.188671
0.192363
0.195999
0.199704
0.203433
0.20717
0.21103
0.214895
0.218767
0.222691
0.226569
0.230612
0.234721
0.238807
0.242878
0.246979
0.251147
0.255337
0.259615
0.263871
0.268147
0.272459
0.276829
0.281144
0.285644
0.290091
0.294645
0.299199
0.303873
0.308528
0.313273
0.317945
0.322681
0.327429
0.332273
0.337141
0.341982
0.346981
0.351886
0.356842
0.361837
0.366812
0.371911
0.377033
0.382121
0.38712
0.392262
0.397394
0.402529
0.407705
0.412892
0.417999
0.423157
0.428304
0.433491
0.438742
0.443971
0.449184
0.454382
0.459595
0.464805
0.470046
0.475269
0.480589
0.485793
0.490961
0.496183
0.501559
