5.76241e-06
8.42199e-06
1.64007e-05
2.65957e-05
3.98936e-05
5.09752e-05
7.13652e-05
9.84043e-05
0.000125887
0.000151152
0.000201684
0.00025133
0.000304078
0.000370124
0.000445479
0.000533245
0.000626773
0.000720745
0.00083156
0.000955674
0.0010891
0.00122961
0.00137367
0.00155851
0.00175399
0.00196365
0.00218794
0.00242509
0.00269548
0.00296631
0.0032602
0.00357004
0.00389849
0.00423715
0.00459973
0.0049672
0.00535594
0.0057602
0.00617509
0.00660195
0.00702615
0.00751418
0.00801906
0.00854344
0.00909973
0.00966135
0.0102283
0.0108169
0.0114712
0.0121272
0.0128112
0.0135705
0.0143285
0.0151166
0.0159291
0.016773
0.0175909
0.0184929
0.0193763
0.0203364
0.0212713
0.022277
0.0232948
0.0243652
0.0254326
0.0265842
0.0277438
0.0289202
0.0301622
0.0314588
0.03275
0.0340864
0.0354619
0.0368333
0.0382571
0.0397105
0.0412766
0.0428174
0.0444486
0.0461175
0.0478395
0.0495386
0.0512859
0.0530527
0.0549255
0.0568067
0.0587518
0.0607482
0.0627571
0.0648382
0.0668879
0.0689969
0.0711857
0.0734459
0.0757039
0.0780066
0.0803537
0.0827238
0.0851804
0.0876188
0.0900829
0.0926396
0.0952438
0.0979637
0.100647
0.103336
0.106161
0.109012
0.111891
0.114786
0.11766
0.120651
0.123636
0.126754
0.12988
0.13306
0.136218
0.139469
0.14268
0.14604
0.149432
0.152825
0.156253
0.159731
0.163176
0.166783
0.170479
0.174222
0.17794
0.181678
0.185477
0.189292
0.193172
0.197067
0.201012
0.204966
0.20897
0.212965
0.216969
0.221023
0.225203
0.22935
0.233562
0.237861
0.242091
0.246387
0.250744
0.255026
0.259395
0.263853
0.268418
0.272912
0.277473
0.282026
0.286679
0.291404
0.296127
0.300958
0.305737
0.31058
0.31542
0.320251
0.3252
0.330149
0.335097
0.340054
0.345081
0.35018
0.355217
0.360229
0.365344
0.370429
0.375464
0.380574
0.385638
0.390738
0.395954
0.401039
0.406182
0.411361
0.416541
0.421709
0.426887
0.432067
0.437332
0.442441
0.447656
0.452867
0.458023
0.463363
0.468416
0.473589
0.478691
0.483768
0.488968
0.494188
0.499381
0.50457
0.509704
0.514947
