5.76241e-06
1.06383e-05
1.59574e-05
2.74823e-05
3.98936e-05
5.4078e-05
7.49113e-05
0.00010328
0.00012766
0.000158245
0.000209663
0.000253989
0.000300089
0.000364805
0.000432624
0.000501773
0.000587323
0.00069016
0.000796099
0.000903812
0.00103191
0.00115027
0.00129832
0.00145035
0.00162367
0.00182004
0.00201729
0.00223936
0.00250532
0.00275177
0.00303059
0.00331427
0.00361746
0.00395745
0.00430452
0.00467154
0.00506073
0.00545966
0.0058781
0.00631028
0.00676507
0.00724911
0.00777349
0.0083156
0.00887145
0.00941888
0.0100155
0.0106028
0.0112544
0.0119504
0.0126671
0.0133976
0.0141463
0.0149495
0.0157872
0.0166476
0.0175062
0.0184118
0.0193245
0.0202819
0.021242
0.0222407
0.0232863
0.0243267
0.0254379
0.0265306
0.0276879
0.0289003
0.0301627
0.0314207
0.0327305
0.0340399
0.0354583
0.0368914
0.0383391
0.0398019
0.0412793
0.0428568
0.044473
0.0461489
0.0478218
0.0495332
0.0512828
0.0530297
0.0548435
0.0566405
0.0585771
0.0605829
0.0626166
0.0646232
0.0666219
0.0686316
0.0707646
0.072984
0.0752442
0.0775386
0.0798781
0.0822473
0.0846738
0.0870944
0.0895301
0.092035
0.0946489
0.0972221
0.099824
0.102486
0.105183
0.107908
0.110635
0.113453
0.116362
0.119278
0.122126
0.125088
0.12812
0.131175
0.134329
0.137421
0.140552
0.143753
0.146915
0.150143
0.153419
0.156645
0.159934
0.163231
0.166608
0.170077
0.173542
0.176994
0.180527
0.184152
0.187876
0.191593
0.195373
0.199153
0.203012
0.206932
0.210889
0.214781
0.218719
0.222723
0.22677
0.230829
0.234866
0.238999
0.243179
0.247398
0.251623
0.255816
0.260138
0.264487
0.268861
0.273232
0.277616
0.282133
0.286601
0.291082
0.295606
0.30016
0.304707
0.309308
0.313874
0.318479
0.323177
0.327778
0.332416
0.337144
0.341786
0.346512
0.351289
0.35602
0.360746
0.36557
0.370232
0.374973
0.37974
0.384568
0.389439
0.394205
0.398993
0.403891
0.408805
0.413678
0.418475
0.423284
0.428241
0.4332
0.438133
0.44319
0.448243
0.453261
0.458249
0.46323
0.468129
0.473212
0.478233
0.48332
0.488342
0.493361
