7.53546e-06
1.59574e-05
2.48227e-05
4.03369e-05
5.89539e-05
8.20035e-05
0.000105053
0.000145833
0.000178635
0.000220301
0.00026906
0.000316933
0.000378546
0.000442376
0.000514628
0.000589539
0.000681738
0.000792996
0.000910018
0.00103014
0.00116268
0.00130629
0.00146543
0.00162677
0.00178324
0.00198759
0.00218927
0.00242819
0.0026578
0.00290913
0.00317154
0.00344725
0.00376551
0.00407757
0.00440869
0.00473138
0.00509131
0.00548715
0.00589539
0.00633954
0.00679167
0.0072664
0.00775
0.00827172
0.00883422
0.0094047
0.0100536
0.0106893
0.0113559
0.0120049
0.0126848
0.0134167
0.0141653
0.014965
0.0157637
0.0165793
0.0174366
0.0183404
0.0192451
0.0201591
0.0211609
0.0221715
0.0231853
0.0242819
0.0254113
0.026574
0.027816
0.0290749
0.0303103
0.03159
0.0328715
0.0342478
0.035637
0.0370235
0.0384827
0.0400257
0.0415519
0.0431343
0.044773
0.0464419
0.0481121
0.049836
0.0515829
0.053414
0.0552637
0.0571064
0.0589699
0.0609495
0.0629663
0.0649934
0.0670793
0.0692137
0.0713373
0.0735359
0.0757385
0.0780904
0.0804419
0.0828449
0.0852957
0.0878178
0.0904113
0.0929854
0.0955966
0.0982327
0.101028
0.103763
0.106664
0.109487
0.112436
0.115426
0.118374
0.121417
0.124508
0.127634
0.130828
0.134043
0.137305
0.140625
0.143913
0.147287
0.150748
0.15424
0.157742
0.161278
0.164941
0.16854
0.172249
0.175995
0.179753
0.183491
0.187426
0.19136
0.195327
0.19935
0.203367
0.207501
0.211639
0.215869
0.219992
0.224252
0.228556
0.232733
0.236984
0.241207
0.245486
0.249723
0.254008
0.258361
0.262763
0.267136
0.27154
0.27594
0.280426
0.284957
0.28958
0.294087
0.298631
0.303173
0.307831
0.312362
0.31698
0.321613
0.326289
0.330994
0.335765
0.340617
0.345366
0.350237
0.355055
0.359981
0.364963
0.369895
0.374848
0.379846
0.384861
0.389936
0.394994
0.40008
0.405165
0.410222
0.415281
0.420342
0.425493
0.430643
0.435788
0.440948
0.446157
0.451483
0.45683
0.462048
0.467327
0.47259
0.477811
0.483053
0.488284
0.493523
0.498788
0.50393
0.509164
0.514449
